0
4
3.5
4
5.25
4
5.25
4
5.25
4
5.25
4
5.25
4
5.25
4
5.25
4
5.25
4
5.25
4
5.25
4
5.75
4
5.75
4
5.75
4
5.75
4
5.75
4
5.75
4
5.75
4
5.75
4
5.75
4
5.75
4
5.25
4
5.25
4
5.25
4
5.25
4
5.25
4
5.25
4
5.25
4
5.25
4
5.25
4
5.25
4
6.5
4
6.5
4
6.5
4
6.5
4
6.5
4
6.5
4
6.5
4
6.5
4
6.5
4
6.5
4
5.75
4
5.75
4
5.75
4
5.75
4
5.75
4
5.75
4
5.75
4
5.75
4
5.75
4
5.75
4
7.125
4
7.125
4
7.125
4
7.125
4
7.125
4
7.125
4
7.125
4
7.125
4
7.125
4
7.125
4
6.5
4
6.5
4
6.5
4
6.5
4
6.5
4
6.5
4
6.5
4
6.5
4
6.5
4
6.5
4
3.5
4
5.25
4
5.25
4
5.25
4
5.25
4
5.25
4
5.25
4
5.25
4
5.25
4
5.25
4
5.25
4
5.75
4
5.75
4
5.75
4
5.75
4
5.75
4
5.75
4
5.75
4
5.75
4
5.75
4
5.75
4
5.25
4
5.25
4
5.25
4
5.25
4
5.25
4
5.25
4
5.25
4
5.25
4
5.25
4
5.25
4
6.5
4
6.5
4
6.5
4
6.5
4
6.5
4
6.5
4
6.5
4
6.5
4
6.5
4
6.5
4
5.75
4
5.75
4
5.75
4
5.75
4
5.75
4
5.75
4
5.75
4
5.75
4
5.75
4
5.75
4
7.125
4
7.125
4
7.125
4
7.125
4
7.125
4
7.125
4
7.125
4
7.125
4
7.125
4
7.125
4
6.5
4
6.5
4
6.5
4
6.5
4
6.5
4
6.5
4
6.5
4
6.5
4
6.5
4
6.5
4
3.5
